1,1,11
2,3,6
3,5,12
4,7,7
5,9,14
6,11,16
7,13,1
8,15,10
9,17,8
10,19,2
11,21,17
12,23,7
13,25,5
14,27,4
15,29,10
16,31,2
17,33,15
18,35,16
19,37,1
20,39,17
21,41,3
22,43,1
23,45,7
24,47,10
25,49,18
26,51,3
27,53,20
28,55,13
29,57,2
30,59,14
31,61,1
32,63,1
33,65,15
34,67,6
35,69,16
36,71,12
37,73,13
38,75,5
39,77,7
40,79,15
41,81,3
42,83,7
43,85,17
44,87,19
45,89,13
46,91,15
47,93,16
48,95,3
49,97,6
50,99,6
51,101,16
52,103,9
53,105,3
54,107,5
55,109,3
56,111,2
57,113,6
58,115,3
59,117,2
60,119,2
61,121,11
62,123,14
63,125,6
64,127,18
65,129,18
66,131,16
67,133,15
68,135,7
69,137,8
70,139,13
71,141,10
72,143,3
73,145,18
74,147,3
75,149,15
76,151,17
77,153,18
78,155,13
79,157,12
80,159,11
81,161,18
82,163,17
83,165,2
84,167,17
85,169,14
86,171,14
87,173,13
88,175,9
89,177,8
90,179,20
91,181,13
92,183,20
93,185,12
94,187,17
95,189,11
96,191,8
97,193,2
98,195,13
99,197,10
100,199,20
101,201,4
102,203,18
103,205,9
104,207,7
105,209,6
106,211,20
107,213,11
108,215,4
109,217,8
110,219,10
111,221,7
112,223,13
113,225,17
114,227,10
115,229,6
116,231,12
117,233,5
118,235,19
119,237,14
120,239,18
121,241,6
122,243,5
123,245,16
124,247,7
125,249,19
126,251,18
127,253,1
128,255,13
129,257,4
130,259,1
131,261,18
132,263,19
133,265,3
134,267,8
135,269,18
136,271,19
137,273,12
138,275,2
139,277,3
140,279,12
141,281,6
142,283,13
143,285,9
144,287,1
145,289,6
146,291,2
147,293,9
148,295,14
149,297,5
150,299,5
151,301,10
152,303,4
153,305,13
154,307,11
155,309,3
156,311,8
157,313,13
158,315,10
159,317,15
160,319,11
161,321,9
162,323,3
163,325,12
164,327,7
165,329,11
166,331,14
167,333,8
168,335,16
169,337,19
170,339,19
171,341,19
172,343,20
173,345,18
174,347,8
175,349,12
176,351,7
177,353,11
178,355,6
179,357,11
180,359,5
181,361,10
182,363,13
183,365,1
184,367,6
185,369,18
186,371,7
187,373,1
188,375,12
189,377,2
190,379,20
191,381,3
192,383,20
193,385,20
194,387,14
195,389,2
196,391,16
197,393,17
198,395,17
199,397,10
200,399,4
201,401,20
202,403,17
203,405,10
204,407,8
205,409,13
206,411,10
207,413,16
208,415,12
209,417,6
210,419,17
211,421,10
212,423,17
213,425,18
214,427,8
215,429,8
216,431,1
217,433,15
218,435,16
219,437,3
220,439,12
221,441,8
222,443,20
223,445,1
224,447,20
225,449,11
226,451,7
227,453,18
228,455,15
229,457,6
230,459,8
231,461,12
232,463,14
233,465,10
234,467,16
235,469,5
236,471,8
237,473,19
238,475,19
239,477,1
240,479,19
241,481,2
242,483,7
243,485,4
244,487,19
245,489,6
246,491,9
247,493,2
248,495,11
249,497,2
250,499,14
251,501,18
252,503,8
253,505,14
254,507,1
255,509,13
256,511,18
257,513,11
258,515,14
259,517,5
260,519,16
261,521,5
262,523,4
263,525,15
264,527,2
265,529,7
266,531,1
267,533,15
268,535,18
269,537,8
270,539,19
271,541,2
272,543,20
273,545,1
274,547,6
275,549,16
276,551,10
277,553,17
278,555,7
279,557,19
280,559,13
281,561,4
282,563,17
283,565,4
284,567,3
285,569,2
286,571,18
287,573,8
288,575,12
289,577,11
290,579,9
291,581,3
292,583,18
293,585,15
294,587,17
295,589,15
296,591,17
297,593,16
298,595,20
299,597,18
300,599,9
301,601,17
302,603,14
303,605,5
304,607,3
305,609,15
306,611,3
307,613,19
308,615,19
309,617,6
310,619,3
311,621,10
312,623,6
313,625,10
314,627,1
315,629,4
316,631,18
317,633,3
318,635,5
319,637,11
320,639,5
321,641,17
322,643,12
323,645,6
324,647,11
325,649,17
326,651,10
327,653,7
328,655,14
329,657,4
330,659,8
331,661,7
332,663,4
333,665,18
334,667,9
335,669,10
336,671,18
337,673,3
338,675,19
339,677,16
340,679,1
341,681,7
342,683,15
343,685,13
344,687,14
345,689,13
346,691,2
347,693,16
348,695,19
349,697,5
350,699,17
351,701,15
352,703,15
353,705,6
354,707,6
355,709,13
356,711,18
357,713,17
358,715,12
359,717,1
360,719,10
361,721,16
362,723,19
363,725,20
364,727,5
365,729,9
366,731,13
367,733,10
368,735,2
369,737,9
370,739,15
371,741,12
372,743,16
373,745,10
374,747,17
375,749,16
376,751,20
377,753,20
378,755,7
379,757,20
380,759,9
381,761,9
382,763,3
383,765,20
384,767,6
385,769,18
386,771,9
387,773,7
388,775,17
389,777,16
390,779,11
391,781,11
392,783,5
393,785,11
394,787,19
395,789,2
396,791,11
397,793,18
398,795,13
399,797,19
400,799,20
401,801,14
402,803,9
403,805,2
404,807,5
405,809,2
406,811,4
407,813,7
408,815,12
409,817,18
410,819,11
411,821,14
412,823,20
413,825,2
414,827,19
415,829,10
416,831,17
417,833,5
418,835,15
419,837,4
420,839,2
421,841,11
422,843,12
423,845,11
424,847,13
425,849,5
426,851,2
427,853,16
428,855,14
429,857,5
430,859,8
431,861,17
432,863,17
433,865,15
434,867,19
435,869,13
436,871,6
437,873,6
438,875,2
439,877,7
440,879,19
441,881,10
442,883,20
443,885,20
444,887,10
445,889,5
446,891,8
447,893,8
448,895,12
449,897,19
450,899,16
451,901,20
452,903,18
453,905,6
454,907,12
455,909,18
456,911,4
457,913,20
458,915,7
459,917,20
460,919,2
461,921,7
462,923,17
463,925,18
464,927,5
465,929,8
466,931,8
467,933,13
468,935,20
469,937,8
470,939,16
471,941,16
472,943,18
473,945,19
474,947,19
475,949,2
476,951,14
477,953,11
478,955,5
479,957,11
480,959,16
481,961,5
482,963,14
483,965,6
484,967,12
485,969,5
486,971,10
487,973,13
488,975,19
489,977,4
490,979,2
491,981,17
492,983,6
493,985,8
494,987,20
495,989,14
496,991,20
497,993,7
498,995,5
499,997,1
500,999,9
501,1001,2
502,1003,18
503,1005,10
504,1007,10
505,1009,17
506,1011,7
507,1013,1
508,1015,8
509,1017,20
510,1019,15
511,1021,14
512,1023,15
513,1025,14
514,1027,14
515,1029,19
516,1031,8
517,1033,15
518,1035,14
519,1037,20
520,1039,17
521,1041,2
522,1043,2
523,1045,18
524,1047,5
525,1049,6
526,1051,20
527,1053,1
528,1055,11
529,1057,10
530,1059,9
531,1061,6
532,1063,1
533,1065,4
534,1067,18
535,1069,11
536,1071,8
537,1073,5
538,1075,8
539,1077,19
540,1079,10
541,1081,16
542,1083,9
543,1085,13
544,1087,4
545,1089,11
546,1091,1
547,1093,13
548,1095,1
549,1097,8
550,1099,18
551,1101,12
552,1103,7
553,1105,6
554,1107,11
555,1109,15
556,1111,1
557,1113,19
558,1115,15
559,1117,7
560,1119,15
561,1121,1
562,1123,10
563,1125,3
564,1127,4
565,1129,2
566,1131,8
567,1133,12
568,1135,9
569,1137,12
570,1139,3
571,1141,16
572,1143,13
573,1145,6
574,1147,10
575,1149,20
576,1151,3
577,1153,17
578,1155,7
579,1157,3
580,1159,1
581,1161,15
582,1163,4
583,1165,3
584,1167,15
585,1169,16
586,1171,18
587,1173,3
588,1175,9
589,1177,13
590,1179,7
591,1181,19
592,1183,10
593,1185,20
594,1187,13
595,1189,2
596,1191,9
597,1193,6
598,1195,3
599,1197,6
600,1199,11
601,1201,10
602,1203,5
603,1205,20
604,1207,12
605,1209,8
606,1211,18
607,1213,1
608,1215,16
609,1217,19
610,1219,2
611,1221,5
612,1223,15
613,1225,7
614,1227,8
615,1229,15
616,1231,12
617,1233,8
618,1235,10
619,1237,9
620,1239,8
621,1241,12
622,1243,6
623,1245,15
624,1247,14
625,1249,11
626,1251,2
627,1253,7
628,1255,4
629,1257,7
630,1259,6
631,1261,20
632,1263,13
633,1265,5
634,1267,2
635,1269,4
636,1271,2
637,1273,9
638,1275,12
639,1277,11
640,1279,7
641,1281,2
642,1283,17
643,1285,11
644,1287,11
645,1289,1
646,1291,14
647,1293,3
648,1295,18
649,1297,4
650,1299,3
651,1301,19
652,1303,11
653,1305,12
654,1307,3
655,1309,12
656,1311,20
657,1313,10
658,1315,14
659,1317,7
660,1319,5
661,1321,18
662,1323,10
663,1325,8
664,1327,18
665,1329,15
666,1331,3
667,1333,15
668,1335,5
669,1337,6
670,1339,7
671,1341,14
672,1343,12
673,1345,9
674,1347,19
675,1349,12
676,1351,15
677,1353,4
678,1355,1
679,1357,6
680,1359,15
681,1361,16
682,1363,14
683,1365,6
684,1367,19
685,1369,10
686,1371,5
687,1373,6
688,1375,7
689,1377,13
690,1379,16
691,1381,13
692,1383,7
693,1385,14
694,1387,16
695,1389,20
696,1391,3
697,1393,3
698,1395,3
699,1397,7
700,1399,17
701,1401,18
702,1403,17
703,1405,1
704,1407,2
705,1409,2
706,1411,9
707,1413,2
708,1415,6
709,1417,3
710,1419,16
711,1421,1
712,1423,6
713,1425,6
714,1427,11
715,1429,19
716,1431,16
717,1433,4
718,1435,9
719,1437,19
720,1439,2
721,1441,4
722,1443,17
723,1445,20
724,1447,8
725,1449,7
726,1451,6
727,1453,1
728,1455,16
729,1457,14
730,1459,9
731,1461,9
732,1463,20
733,1465,16
734,1467,17
735,1469,6
736,1471,7
737,1473,9
738,1475,1
739,1477,2
740,1479,12
741,1481,4
742,1483,19
743,1485,14
744,1487,17
745,1489,2
746,1491,18
747,1493,20
748,1495,15
749,1497,4
750,1499,9
751,1501,5
752,1503,20
753,1505,18
754,1507,3
755,1509,8
756,1511,7
757,1513,15
758,1515,7
759,1517,13
760,1519,12
761,1521,3
762,1523,6
763,1525,15
764,1527,11
765,1529,3
766,1531,3
767,1533,16
768,1535,17
769,1537,6
770,1539,9
771,1541,12
772,1543,16
773,1545,20
774,1547,7
775,1549,18
776,1551,10
777,1553,9
778,1555,14
779,1557,2
780,1559,8
781,1561,16
782,1563,15
783,1565,15
784,1567,16
785,1569,9
786,1571,11
787,1573,12
788,1575,11
789,1577,14
790,1579,2
791,1581,10
792,1583,4
793,1585,1
794,1587,3
795,1589,13
796,1591,1
797,1593,18
798,1595,8
799,1597,7
800,1599,17
801,1601,11
802,1603,18
803,1605,9
804,1607,15
805,1609,7
806,1611,6
807,1613,15
808,1615,16
809,1617,1
810,1619,6
811,1621,20
812,1623,8
813,1625,11
814,1627,19
815,1629,10
816,1631,2
817,1633,10
818,1635,8
819,1637,10
820,1639,18
821,1641,9
822,1643,17
823,1645,4
824,1647,20
825,1649,20
826,1651,6
827,1653,2
828,1655,15
829,1657,10
830,1659,2
831,1661,11
832,1663,7
833,1665,20
834,1667,15
835,1669,16
836,1671,4
837,1673,14
838,1675,13
839,1677,8
840,1679,19
841,1681,9
842,1683,1
843,1685,2
844,1687,12
845,1689,8
846,1691,18
847,1693,1
848,1695,4
849,1697,4
850,1699,20
851,1701,3
852,1703,19
853,1705,11
854,1707,20
855,1709,9
856,1711,16
857,1713,20
858,1715,19
859,1717,4
860,1719,3
861,1721,2
862,1723,20
863,1725,7
864,1727,5
865,1729,12
866,1731,15
867,1733,16
868,1735,4
869,1737,7
870,1739,16
871,1741,5
872,1743,6
873,1745,11
874,1747,9
875,1749,3
876,1751,8
877,1753,17
878,1755,5
879,1757,17
880,1759,2
881,1761,8
882,1763,2
883,1765,18
884,1767,2
885,1769,7
886,1771,13
887,1773,4
888,1775,14
889,1777,8
890,1779,17
891,1781,8
892,1783,18
893,1785,16
894,1787,19
895,1789,6
896,1791,4
897,1793,20
898,1795,5
899,1797,15
900,1799,10
901,1801,1
902,1803,19
903,1805,16
904,1807,5
905,1809,12
906,1811,12
907,1813,1
908,1815,11
909,1817,16
910,1819,18
911,1821,14
912,1823,15
913,1825,6
914,1827,2
915,1829,7
916,1831,18
917,1833,20
918,1835,4
919,1837,1
920,1839,16
921,1841,13
922,1843,16
923,1845,10
924,1847,5
925,1849,14
926,1851,16
927,1853,19
928,1855,11
929,1857,12
930,1859,19
931,1861,5
932,1863,3
933,1865,4
934,1867,5
935,1869,10
936,1871,13
937,1873,16
938,1875,19
939,1877,13
940,1879,17
941,1881,16
942,1883,5
943,1885,6
944,1887,13
945,1889,15
946,1891,17
947,1893,19
948,1895,20
949,1897,4
950,1899,2
951,1901,13
952,1903,16
953,1905,19
954,1907,11
955,1909,5
956,1911,3
957,1913,14
958,1915,9
959,1917,3
960,1919,18
961,1921,14
962,1923,3
963,1925,5
964,1927,19
965,1929,13
966,1931,1
967,1933,18
968,1935,18
969,1937,10
970,1939,15
971,1941,13
972,1943,11
973,1945,16
974,1947,17
975,1949,12
976,1951,2
977,1953,15
978,1955,3
979,1957,17
980,1959,2
981,1961,14
982,1963,7
983,1965,12
984,1967,10
985,1969,20
986,1971,6
987,1973,11
988,1975,20
989,1977,11
990,1979,19
991,1981,12
992,1983,20
993,1985,7
994,1987,3
995,1989,3
996,1991,5
997,1993,17
998,1995,13
999,1997,19
1000,1999,18
1001,2001,15
1002,2003,16
1003,2005,14
1004,2007,8
1005,2009,12
1006,2011,6
1007,2013,14
1008,2015,9
1009,2017,16
1010,2019,18
1011,2021,7
1012,2023,14
1013,2025,10
1014,2027,6
1015,2029,1
1016,2031,15
1017,2033,7
1018,2035,2
1019,2037,13
1020,2039,5
1021,2041,11
1022,2043,18
1023,2045,6
1024,2047,15
1025,2049,18
1026,2051,15
1027,2053,8
1028,2055,13
1029,2057,9
1030,2059,2
1031,2061,3
1032,2063,8
1033,2065,14
1034,2067,18
1035,2069,6
1036,2071,20
1037,2073,14
1038,2075,11
1039,2077,10
1040,2079,3
1041,2081,15
1042,2083,16
1043,2085,14
1044,2087,12
1045,2089,3
1046,2091,2
1047,2093,14
1048,2095,18
1049,2097,15
1050,2099,12
1051,2101,15
1052,2103,1
1053,2105,15
1054,2107,12
1055,2109,13
1056,2111,17
1057,2113,3
1058,2115,15
1059,2117,19
1060,2119,6
1061,2121,12
1062,2123,16
1063,2125,16
1064,2127,8
1065,2129,1
1066,2131,4
1067,2133,15
1068,2135,13
1069,2137,13
1070,2139,16
1071,2141,2
1072,2143,18
1073,2145,8
1074,2147,12
1075,2149,8
1076,2151,3
1077,2153,5
1078,2155,20
1079,2157,3
1080,2159,2
1081,2161,1
1082,2163,2
1083,2165,6
1084,2167,1
1085,2169,16
1086,2171,12
1087,2173,6
1088,2175,5
1089,2177,19
1090,2179,16
1091,2181,15
1092,2183,4
1093,2185,12
1094,2187,11
1095,2189,12
1096,2191,5
1097,2193,15
1098,2195,15
1099,2197,3
1100,2199,7
1101,2201,9
1102,2203,7
1103,2205,7
1104,2207,7
1105,2209,11
1106,2211,20
1107,2213,19
1108,2215,3
1109,2217,18
1110,2219,3
1111,2221,18
1112,2223,12
1113,2225,9
1114,2227,14
1115,2229,1
1116,2231,4
1117,2233,19
1118,2235,7
1119,2237,15
1120,2239,4
1121,2241,4
1122,2243,15
1123,2245,20
1124,2247,9
1125,2249,18
1126,2251,8
1127,2253,9
1128,2255,4
1129,2257,15
1130,2259,6
1131,2261,20
1132,2263,7
1133,2265,20
1134,2267,6
1135,2269,9
1136,2271,1
1137,2273,20
1138,2275,10
1139,2277,5
1140,2279,20
1141,2281,9
1142,2283,7
1143,2285,17
1144,2287,18
1145,2289,4
1146,2291,12
1147,2293,3
1148,2295,8
1149,2297,8
1150,2299,4
1151,2301,19
1152,2303,16
1153,2305,16
1154,2307,12
1155,2309,14
1156,2311,18
1157,2313,8
1158,2315,12
1159,2317,5
1160,2319,14
1161,2321,13
1162,2323,20
1163,2325,6
1164,2327,2
1165,2329,13
1166,2331,9
1167,2333,15
1168,2335,6
1169,2337,11
1170,2339,20
1171,2341,7
1172,2343,1
1173,2345,11
1174,2347,11
1175,2349,16
1176,2351,1
1177,2353,18
1178,2355,1
1179,2357,5
1180,2359,6
1181,2361,5
1182,2363,6
1183,2365,19
1184,2367,13
1185,2369,20
1186,2371,20
1187,2373,11
1188,2375,2
1189,2377,19
1190,2379,1
1191,2381,14
1192,2383,5
1193,2385,17
1194,2387,4
1195,2389,8
1196,2391,6
1197,2393,17
1198,2395,5
1199,2397,8
1200,2399,11
1201,2401,16
1202,2403,10
1203,2405,5
1204,2407,20
1205,2409,18
1206,2411,9
1207,2413,7
1208,2415,8
1209,2417,13
1210,2419,6
1211,2421,10
1212,2423,17
1213,2425,13
1214,2427,4
1215,2429,15
1216,2431,2
1217,2433,10
1218,2435,11
1219,2437,9
1220,2439,10
1221,2441,20
1222,2443,14
1223,2445,15
1224,2447,6
1225,2449,18
1226,2451,17
1227,2453,18
1228,2455,10
1229,2457,8
1230,2459,7
1231,2461,4
1232,2463,8
1233,2465,7
1234,2467,13
1235,2469,14
1236,2471,18
1237,2473,4
1238,2475,7
1239,2477,4
1240,2479,9
1241,2481,2
1242,2483,18
1243,2485,10
1244,2487,9
1245,2489,12
1246,2491,12
1247,2493,8
1248,2495,1
1249,2497,4
1250,2499,19
1251,2501,16
1252,2503,11
1253,2505,12
1254,2507,13
1255,2509,15
1256,2511,3
1257,2513,2
1258,2515,14
1259,2517,9
1260,2519,7
1261,2521,5
1262,2523,3
1263,2525,7
1264,2527,4
1265,2529,18
1266,2531,15
1267,2533,1
1268,2535,4
1269,2537,2
1270,2539,8
1271,2541,15
1272,2543,8
1273,2545,7
1274,2547,3
1275,2549,15
1276,2551,17
1277,2553,19
1278,2555,7
1279,2557,20
1280,2559,13
1281,2561,2
1282,2563,1
1283,2565,17
1284,2567,18
1285,2569,10
1286,2571,15
1287,2573,12
1288,2575,17
1289,2577,17
1290,2579,16
1291,2581,6
1292,2583,7
1293,2585,12
1294,2587,16
1295,2589,19
1296,2591,8
1297,2593,3
1298,2595,10
1299,2597,20
1300,2599,2
1301,2601,17
1302,2603,16
1303,2605,1
1304,2607,12
1305,2609,3
1306,2611,9
1307,2613,15
1308,2615,4
1309,2617,8
1310,2619,1
1311,2621,18
1312,2623,3
1313,2625,10
1314,2627,19
1315,2629,9
1316,2631,7
1317,2633,20
1318,2635,6
1319,2637,11
1320,2639,6
1321,2641,10
1322,2643,15
1323,2645,4
1324,2647,20
1325,2649,17
1326,2651,11
1327,2653,17
1328,2655,3
1329,2657,19
1330,2659,3
1331,2661,6
1332,2663,18
1333,2665,6
1334,2667,2
1335,2669,18
1336,2671,15
1337,2673,4
1338,2675,4
1339,2677,14
1340,2679,16
1341,2681,14
1342,2683,4
1343,2685,19
1344,2687,19
1345,2689,19
1346,2691,14
1347,2693,20
1348,2695,14
1349,2697,10
1350,2699,9
1351,2701,16
1352,2703,13
1353,2705,15
1354,2707,4
1355,2709,18
1356,2711,20
1357,2713,11
1358,2715,8
1359,2717,10
1360,2719,19
1361,2721,14
1362,2723,3
1363,2725,3
1364,2727,20
1365,2729,14
1366,2731,17
1367,2733,5
1368,2735,11
1369,2737,15
1370,2739,6
1371,2741,9
1372,2743,12
1373,2745,2
1374,2747,8
1375,2749,2
1376,2751,20
1377,2753,11
1378,2755,8
1379,2757,17
1380,2759,7
1381,2761,14
1382,2763,13
1383,2765,6
1384,2767,1
1385,2769,2
1386,2771,19
1387,2773,19
1388,2775,9
1389,2777,12
1390,2779,20
1391,2781,20
1392,2783,4
1393,2785,9
1394,2787,6
1395,2789,5
1396,2791,15
1397,2793,4
1398,2795,18
1399,2797,10
1400,2799,15
1401,2801,4
1402,2803,15
1403,2805,18
1404,2807,9
1405,2809,11
1406,2811,12
1407,2813,11
1408,2815,18
1409,2817,3
1410,2819,19
1411,2821,12
1412,2823,1
1413,2825,15
1414,2827,12
1415,2829,15
1416,2831,16
1417,2833,4
1418,2835,13
1419,2837,11
1420,2839,17
1421,2841,12
1422,2843,15
1423,2845,18
1424,2847,7
1425,2849,12
1426,2851,20
1427,2853,15
1428,2855,9
1429,2857,7
1430,2859,18
1431,2861,14
1432,2863,19
1433,2865,3
1434,2867,16
1435,2869,4
1436,2871,10
1437,2873,6
1438,2875,3
1439,2877,15
1440,2879,5
1441,2881,1
1442,2883,12
1443,2885,13
1444,2887,13
1445,2889,2
1446,2891,3
1447,2893,15
1448,2895,20
1449,2897,5
1450,2899,17
1451,2901,5
1452,2903,7
1453,2905,8
1454,2907,13
1455,2909,6
1456,2911,13
1457,2913,3
1458,2915,8
1459,2917,1
1460,2919,2
1461,2921,6
1462,2923,11
1463,2925,20
1464,2927,9
1465,2929,15
1466,2931,5
1467,2933,3
1468,2935,8
1469,2937,20
1470,2939,15
1471,2941,12
1472,2943,3
1473,2945,1
1474,2947,19
1475,2949,1
1476,2951,8
1477,2953,20
1478,2955,7
1479,2957,7
1480,2959,17
1481,2961,3
1482,2963,5
1483,2965,20
1484,2967,10
1485,2969,10
1486,2971,16
1487,2973,5
1488,2975,17
1489,2977,20
1490,2979,15
1491,2981,13
1492,2983,5
1493,2985,13
1494,2987,11
1495,2989,8
1496,2991,2
1497,2993,6
1498,2995,13
1499,2997,10
1500,2999,5
1501,3001,10
1502,3003,3
1503,3005,7
1504,3007,18
1505,3009,15
1506,3011,1
1507,3013,13
1508,3015,10
1509,3017,13
1510,3019,4
1511,3021,6
1512,3023,11
1513,3025,4
1514,3027,10
1515,3029,19
1516,3031,3
1517,3033,3
1518,3035,16
1519,3037,19
1520,3039,8
1521,3041,8
1522,3043,11
1523,3045,12
1524,3047,9
1525,3049,16
1526,3051,10
1527,3053,10
1528,3055,4
1529,3057,5
1530,3059,9
1531,3061,8
1532,3063,12
1533,3065,9
1534,3067,14
1535,3069,5
1536,3071,15
1537,3073,7
1538,3075,5
1539,3077,2
1540,3079,4
1541,3081,4
1542,3083,5
1543,3085,5
1544,3087,6
1545,3089,20
1546,3091,18
1547,3093,2
1548,3095,7
1549,3097,9
1550,3099,8
1551,3101,20
1552,3103,14
1553,3105,18
1554,3107,12
1555,3109,10
1556,3111,19
1557,3113,12
1558,3115,1
1559,3117,20
1560,3119,13
1561,3121,19
1562,3123,13
1563,3125,3
1564,3127,18
1565,3129,2
1566,3131,3
1567,3133,12
1568,3135,17
1569,3137,15
1570,3139,5
1571,3141,19
1572,3143,8
1573,3145,9
1574,3147,3
1575,3149,8
1576,3151,13
1577,3153,10
1578,3155,20
1579,3157,20
1580,3159,8
1581,3161,9
1582,3163,15
1583,3165,3
1584,3167,14
1585,3169,4
1586,3171,13
1587,3173,6
1588,3175,9
1589,3177,14
1590,3179,20
1591,3181,14
1592,3183,8
1593,3185,14
1594,3187,13
1595,3189,2
1596,3191,8
1597,3193,18
1598,3195,14
1599,3197,1
1600,3199,7
1601,3201,12
1602,3203,3
1603,3205,3
1604,3207,9
1605,3209,7
1606,3211,3
1607,3213,15
1608,3215,2
1609,3217,2
1610,3219,18
1611,3221,17
1612,3223,14
1613,3225,16
1614,3227,11
1615,3229,15
1616,3231,4
1617,3233,16
1618,3235,10
1619,3237,3
1620,3239,14
1621,3241,6
1622,3243,3
1623,3245,8
1624,3247,4
1625,3249,19
1626,3251,11
1627,3253,8
1628,3255,1
1629,3257,5
1630,3259,18
1631,3261,14
1632,3263,9
1633,3265,16
1634,3267,11
1635,3269,2
1636,3271,12
1637,3273,1
1638,3275,1
1639,3277,15
1640,3279,11
1641,3281,20
1642,3283,18
1643,3285,14
1644,3287,16
1645,3289,8
1646,3291,1
1647,3293,8
1648,3295,17
1649,3297,9
1650,3299,18
1651,3301,10
1652,3303,18
1653,3305,4
1654,3307,7
1655,3309,11
1656,3311,16
1657,3313,8
1658,3315,6
1659,3317,6
1660,3319,11
1661,3321,3
1662,3323,10
1663,3325,11
1664,3327,13
1665,3329,16
1666,3331,12
1667,3333,19
1668,3335,17
1669,3337,16
1670,3339,14
1671,3341,19
1672,3343,2
1673,3345,10
1674,3347,6
1675,3349,15
1676,3351,17
1677,3353,19
1678,3355,14
1679,3357,18
1680,3359,3
1681,3361,19
1682,3363,9
1683,3365,15
1684,3367,1
1685,3369,18
1686,3371,12
1687,3373,15
1688,3375,9
1689,3377,19
1690,3379,19
1691,3381,6
1692,3383,16
1693,3385,3
1694,3387,15
1695,3389,2
1696,3391,6
1697,3393,13
1698,3395,18
1699,3397,15
1700,3399,3
1701,3401,20
1702,3403,15
1703,3405,9
1704,3407,16
1705,3409,1
1706,3411,9
1707,3413,11
1708,3415,14
1709,3417,2
1710,3419,16
1711,3421,17
1712,3423,15
1713,3425,1
1714,3427,1
1715,3429,4
1716,3431,19
1717,3433,2
1718,3435,18
1719,3437,18
1720,3439,5
1721,3441,14
1722,3443,17
1723,3445,4
1724,3447,10
1725,3449,4
1726,3451,17
1727,3453,15
1728,3455,13
1729,3457,3
1730,3459,16
1731,3461,12
1732,3463,13
1733,3465,9
1734,3467,7
1735,3469,4
1736,3471,10
1737,3473,16
1738,3475,16
1739,3477,3
1740,3479,2
1741,3481,11
1742,3483,16
1743,3485,18
1744,3487,19
1745,3489,7
1746,3491,2
1747,3493,15
1748,3495,4
1749,3497,12
1750,3499,11
1751,3501,10
1752,3503,19
1753,3505,3
1754,3507,3
1755,3509,14
1756,3511,16
1757,3513,18
1758,3515,4
1759,3517,3
1760,3519,20
1761,3521,4
1762,3523,4
1763,3525,13
1764,3527,2
1765,3529,4
1766,3531,6
1767,3533,1
1768,3535,9
1769,3537,7
1770,3539,1
1771,3541,16
1772,3543,14
1773,3545,10
1774,3547,9
1775,3549,18
1776,3551,19
1777,3553,10
1778,3555,17
1779,3557,2
1780,3559,13
1781,3561,20
1782,3563,9
1783,3565,19
1784,3567,11
1785,3569,4
1786,3571,13
1787,3573,1
1788,3575,5
1789,3577,16
1790,3579,19
1791,3581,12
1792,3583,19
1793,3585,17
1794,3587,1
1795,3589,12
1796,3591,14
1797,3593,8
1798,3595,17
1799,3597,20
1800,3599,1
1801,3601,1
1802,3603,11
1803,3605,3
1804,3607,1
1805,3609,19
1806,3611,13
1807,3613,7
1808,3615,14
1809,3617,6
1810,3619,3
1811,3621,13
1812,3623,5
1813,3625,13
1814,3627,4
1815,3629,17
1816,3631,5
1817,3633,18
1818,3635,10
1819,3637,9
1820,3639,14
1821,3641,14
1822,3643,18
1823,3645,8
1824,3647,7
1825,3649,4
1826,3651,20
1827,3653,13
1828,3655,2
1829,3657,2
1830,3659,18
1831,3661,1
1832,3663,10
1833,3665,9
1834,3667,3
1835,3669,18
1836,3671,7
1837,3673,2
1838,3675,14
1839,3677,13
1840,3679,5
1841,3681,3
1842,3683,11
1843,3685,5
1844,3687,20
1845,3689,2
1846,3691,6
1847,3693,4
1848,3695,7
1849,3697,1
1850,3699,17
1851,3701,10
1852,3703,11
1853,3705,16
1854,3707,7
1855,3709,3
1856,3711,1
1857,3713,2
1858,3715,3
1859,3717,10
1860,3719,4
1861,3721,1
1862,3723,2
1863,3725,5
1864,3727,19
1865,3729,17
1866,3731,20
1867,3733,7
1868,3735,7
1869,3737,4
1870,3739,19
1871,3741,3
1872,3743,4
1873,3745,10
1874,3747,3
1875,3749,2
1876,3751,1
1877,3753,10
1878,3755,14
1879,3757,1
1880,3759,18
1881,3761,16
1882,3763,5
1883,3765,8
1884,3767,18
1885,3769,18
1886,3771,11
1887,3773,6
1888,3775,16
1889,3777,2
1890,3779,4
1891,3781,1
1892,3783,17
1893,3785,10
1894,3787,9
1895,3789,3
1896,3791,11
1897,3793,10
1898,3795,11
1899,3797,8
1900,3799,15
1901,3801,8
1902,3803,14
1903,3805,13
1904,3807,1
1905,3809,7
1906,3811,17
1907,3813,12
1908,3815,20
1909,3817,16
1910,3819,18
1911,3821,3
1912,3823,15
1913,3825,19
1914,3827,15
1915,3829,6
1916,3831,19
1917,3833,13
1918,3835,18
1919,3837,7
1920,3839,14
1921,3841,6
1922,3843,3
1923,3845,12
1924,3847,7
1925,3849,9
1926,3851,19
1927,3853,3
1928,3855,3
1929,3857,11
1930,3859,19
1931,3861,6
1932,3863,10
1933,3865,18
1934,3867,9
1935,3869,18
1936,3871,20
1937,3873,9
1938,3875,17
1939,3877,17
1940,3879,1
1941,3881,20
1942,3883,5
1943,3885,2
1944,3887,11
1945,3889,11
1946,3891,2
1947,3893,4
1948,3895,4
1949,3897,5
1950,3899,20
1951,3901,8
1952,3903,17
1953,3905,15
1954,3907,12
1955,3909,14
1956,3911,16
1957,3913,19
1958,3915,12
1959,3917,11
1960,3919,14
1961,3921,3
1962,3923,4
1963,3925,9
1964,3927,17
1965,3929,13
1966,3931,9
1967,3933,20
1968,3935,7
1969,3937,4
1970,3939,15
1971,3941,7
1972,3943,12
1973,3945,5
1974,3947,9
1975,3949,2
1976,3951,10
1977,3953,6
1978,3955,17
1979,3957,17
1980,3959,11
1981,3961,7
1982,3963,4
1983,3965,9
1984,3967,16
1985,3969,1
1986,3971,11
1987,3973,6
1988,3975,11
1989,3977,19
1990,3979,20
1991,3981,3
1992,3983,14
1993,3985,13
1994,3987,5
1995,3989,4
1996,3991,18
1997,3993,3
1998,3995,20
1999,3997,9
2000,3999,12
2001,4001,14
2002,4003,13
2003,4005,11
2004,4007,13
2005,4009,19
2006,4011,2
2007,4013,1
2008,4015,13
2009,4017,4
2010,4019,11
2011,4021,7
2012,4023,13
2013,4025,17
2014,4027,11
2015,4029,19
2016,4031,20
2017,4033,2
2018,4035,15
2019,4037,11
2020,4039,8
2021,4041,19
2022,4043,12
2023,4045,15
2024,4047,3
2025,4049,14
2026,4051,13
2027,4053,4
2028,4055,2
2029,4057,7
2030,4059,19
2031,4061,19
2032,4063,6
2033,4065,18
2034,4067,13
2035,4069,18
2036,4071,16
2037,4073,10
2038,4075,1
2039,4077,12
2040,4079,15
2041,4081,15
2042,4083,17
2043,4085,8
2044,4087,20
2045,4089,8
2046,4091,14
2047,4093,19
2048,4095,4
2049,4097,15
2050,4099,2
2051,4101,8
2052,4103,9
2053,4105,12
2054,4107,5
2055,4109,10
2056,4111,1
2057,4113,8
2058,4115,10
2059,4117,10
2060,4119,10
2061,4121,14
2062,4123,17
2063,4125,19
2064,4127,12
2065,4129,18
2066,4131,9
2067,4133,1
2068,4135,8
2069,4137,18
2070,4139,16
2071,4141,16
2072,4143,18
2073,4145,5
2074,4147,8
2075,4149,20
2076,4151,10
2077,4153,5
2078,4155,20
2079,4157,1
2080,4159,7
2081,4161,2
2082,4163,10
2083,4165,9
2084,4167,2
2085,4169,11
2086,4171,17
2087,4173,7
2088,4175,7
2089,4177,10
2090,4179,15
2091,4181,2
2092,4183,20
2093,4185,14
2094,4187,2
2095,4189,10
2096,4191,3
2097,4193,6
2098,4195,16
2099,4197,17
2100,4199,11
2101,4201,14
2102,4203,11
2103,4205,15
2104,4207,6
2105,4209,12
2106,4211,2
2107,4213,19
2108,4215,5
2109,4217,17
2110,4219,5
2111,4221,9
2112,4223,13
2113,4225,19
2114,4227,9
2115,4229,17
2116,4231,5
2117,4233,3
2118,4235,20
2119,4237,2
2120,4239,5
2121,4241,14
2122,4243,7
2123,4245,8
2124,4247,11
2125,4249,17
2126,4251,3
2127,4253,16
2128,4255,2
2129,4257,6
2130,4259,7
2131,4261,1
2132,4263,13
2133,4265,2
2134,4267,5
2135,4269,18
2136,4271,17
2137,4273,6
2138,4275,12
2139,4277,13
2140,4279,15
2141,4281,17
2142,4283,8
2143,4285,2
2144,4287,3
2145,4289,9
2146,4291,7
2147,4293,12
2148,4295,13
2149,4297,6
2150,4299,7
2151,4301,12
2152,4303,1
2153,4305,13
2154,4307,15
2155,4309,3
2156,4311,16
2157,4313,16
2158,4315,1
2159,4317,6
2160,4319,6
2161,4321,18
2162,4323,19
2163,4325,9
2164,4327,19
2165,4329,9
2166,4331,2
2167,4333,16
2168,4335,17
2169,4337,13
2170,4339,14
2171,4341,12
2172,4343,18
2173,4345,3
2174,4347,9
2175,4349,5
2176,4351,8
2177,4353,14
2178,4355,15
2179,4357,17
2180,4359,6
2181,4361,14
2182,4363,12
2183,4365,2
2184,4367,5
2185,4369,9
2186,4371,10
2187,4373,20
2188,4375,12
2189,4377,5
2190,4379,1
2191,4381,11
2192,4383,3
2193,4385,7
2194,4387,14
2195,4389,15
2196,4391,20
2197,4393,8
2198,4395,5
2199,4397,8
2200,4399,8
2201,4401,19
2202,4403,17
2203,4405,18
2204,4407,16
2205,4409,4
2206,4411,5
2207,4413,6
2208,4415,4
2209,4417,7
2210,4419,5
2211,4421,11
2212,4423,7
2213,4425,10
2214,4427,15
2215,4429,8
2216,4431,18
2217,4433,8
2218,4435,2
2219,4437,20
2220,4439,18
2221,4441,13
2222,4443,6
2223,4445,5
2224,4447,19
2225,4449,3
2226,4451,3
2227,4453,9
2228,4455,16
2229,4457,17
2230,4459,10
2231,4461,15
2232,4463,20
2233,4465,5
2234,4467,14
2235,4469,13
2236,4471,17
2237,4473,11
2238,4475,19
2239,4477,12
2240,4479,12
2241,4481,18
2242,4483,11
2243,4485,15
2244,4487,8
2245,4489,13
2246,4491,19
2247,4493,20
2248,4495,6
2249,4497,16
2250,4499,20
2251,4501,8
2252,4503,2
2253,4505,10
2254,4507,12
2255,4509,18
2256,4511,16
2257,4513,12
2258,4515,13
2259,4517,18
2260,4519,11
2261,4521,2
2262,4523,14
2263,4525,19
2264,4527,3
2265,4529,17
2266,4531,9
2267,4533,9
2268,4535,14
2269,4537,19
2270,4539,5
2271,4541,10
2272,4543,13
2273,4545,20
2274,4547,19
2275,4549,7
2276,4551,13
2277,4553,12
2278,4555,6
2279,4557,16
2280,4559,7
2281,4561,13
2282,4563,18
2283,4565,1
2284,4567,9
2285,4569,15
2286,4571,17
2287,4573,10
2288,4575,14
2289,4577,1
2290,4579,16
2291,4581,10
2292,4583,20
2293,4585,15
2294,4587,1
2295,4589,7
2296,4591,4
2297,4593,11
2298,4595,6
2299,4597,7
2300,4599,4
2301,4601,4
2302,4603,9
2303,4605,6
2304,4607,11
2305,4609,12
2306,4611,9
2307,4613,11
2308,4615,11
2309,4617,7
2310,4619,1
2311,4621,20
2312,4623,4
2313,4625,20
2314,4627,10
2315,4629,2
2316,4631,5
2317,4633,10
2318,4635,13
2319,4637,17
2320,4639,8
2321,4641,19
2322,4643,19
2323,4645,14
2324,4647,20
2325,4649,11
2326,4651,16
2327,4653,3
2328,4655,10
2329,4657,17
2330,4659,12
2331,4661,1
2332,4663,15
2333,4665,19
2334,4667,10
2335,4669,19
2336,4671,5
2337,4673,13
2338,4675,1
2339,4677,6
2340,4679,10
2341,4681,19
2342,4683,12
2343,4685,7
2344,4687,16
2345,4689,9
2346,4691,10
2347,4693,5
2348,4695,16
2349,4697,17
2350,4699,2
2351,4701,20
2352,4703,9
2353,4705,6
2354,4707,7
2355,4709,3
2356,4711,2
2357,4713,2
2358,4715,8
2359,4717,20
2360,4719,20
2361,4721,7
2362,4723,4
2363,4725,4
2364,4727,14
2365,4729,10
2366,4731,8
2367,4733,17
2368,4735,8
2369,4737,7
2370,4739,1
2371,4741,18
2372,4743,2
2373,4745,14
2374,4747,18
2375,4749,16
2376,4751,6
2377,4753,3
2378,4755,17
2379,4757,18
2380,4759,15
2381,4761,18
2382,4763,17
2383,4765,10
2384,4767,13
2385,4769,11
2386,4771,5
2387,4773,10
2388,4775,13
2389,4777,12
2390,4779,19
2391,4781,20
2392,4783,9
2393,4785,18
2394,4787,8
2395,4789,14
2396,4791,3
2397,4793,14
2398,4795,12
2399,4797,2
2400,4799,12
2401,4801,18
2402,4803,15
2403,4805,20
2404,4807,14
2405,4809,1
2406,4811,4
2407,4813,9
2408,4815,9
2409,4817,15
2410,4819,13
2411,4821,18
2412,4823,7
2413,4825,1
2414,4827,14
2415,4829,19
2416,4831,10
2417,4833,8
2418,4835,18
2419,4837,17
2420,4839,2
2421,4841,19
2422,4843,16
2423,4845,3
2424,4847,15
2425,4849,17
2426,4851,7
2427,4853,3
2428,4855,8
2429,4857,3
2430,4859,14
2431,4861,14
2432,4863,13
2433,4865,11
2434,4867,14
2435,4869,7
2436,4871,17
2437,4873,7
2438,4875,3
2439,4877,8
2440,4879,16
2441,4881,19
2442,4883,3
2443,4885,20
2444,4887,9
2445,4889,2
2446,4891,10
2447,4893,15
2448,4895,15
2449,4897,4
2450,4899,19
2451,4901,4
2452,4903,10
2453,4905,1
2454,4907,1
2455,4909,16
2456,4911,20
2457,4913,15
2458,4915,20
2459,4917,2
2460,4919,20
2461,4921,9
2462,4923,18
2463,4925,9
2464,4927,11
2465,4929,11
2466,4931,15
2467,4933,16
2468,4935,8
2469,4937,12
2470,4939,11
2471,4941,2
2472,4943,8
2473,4945,14
2474,4947,6
2475,4949,11
2476,4951,9
2477,4953,8
2478,4955,16
2479,4957,13
2480,4959,20
2481,4961,8
2482,4963,13
2483,4965,16
2484,4967,14
2485,4969,5
2486,4971,11
2487,4973,12
2488,4975,8
2489,4977,14
2490,4979,19
2491,4981,9
2492,4983,10
2493,4985,8
2494,4987,14
2495,4989,15
2496,4991,7
2497,4993,2
2498,4995,14
2499,4997,5
2500,4999,7
2501,5001,16
2502,5003,18
2503,5005,13
2504,5007,16
2505,5009,16
2506,5011,20
2507,5013,16
2508,5015,3
2509,5017,20
2510,5019,4
2511,5021,17
2512,5023,14
2513,5025,13
2514,5027,2
2515,5029,9
2516,5031,8
2517,5033,4
2518,5035,13
2519,5037,17
2520,5039,3
2521,5041,13
2522,5043,6
2523,5045,6
2524,5047,6
2525,5049,1
2526,5051,19
2527,5053,15
2528,5055,19
2529,5057,14
2530,5059,11
2531,5061,17
2532,5063,13
2533,5065,20
2534,5067,19
2535,5069,1
2536,5071,11
2537,5073,10
2538,5075,19
2539,5077,11
2540,5079,18
2541,5081,19
2542,5083,16
2543,5085,19
2544,5087,3
2545,5089,8
2546,5091,18
2547,5093,9
2548,5095,1
2549,5097,17
2550,5099,7
2551,5101,11
2552,5103,13
2553,5105,13
2554,5107,2
2555,5109,16
2556,5111,9
2557,5113,16
2558,5115,19
2559,5117,12
2560,5119,11
2561,5121,17
2562,5123,7
2563,5125,18
2564,5127,15
2565,5129,9
2566,5131,19
2567,5133,11
2568,5135,10
2569,5137,9
2570,5139,2
2571,5141,15
2572,5143,17
2573,5145,19
2574,5147,19
2575,5149,20
2576,5151,2
2577,5153,11
2578,5155,20
2579,5157,2
2580,5159,2
2581,5161,4
2582,5163,4
2583,5165,4
2584,5167,8
2585,5169,6
2586,5171,11
2587,5173,17
2588,5175,8
2589,5177,16
2590,5179,5
2591,5181,8
2592,5183,2
2593,5185,7
2594,5187,17
2595,5189,6
2596,5191,14
2597,5193,13
2598,5195,14
2599,5197,3
2600,5199,4
2601,5201,3
2602,5203,4
2603,5205,11
2604,5207,20
2605,5209,18
2606,5211,5
2607,5213,9
2608,5215,3
2609,5217,11
2610,5219,13
2611,5221,5
2612,5223,15
2613,5225,19
2614,5227,3
2615,5229,3
2616,5231,2
2617,5233,6
2618,5235,16
2619,5237,5
2620,5239,10
2621,5241,14
2622,5243,19
2623,5245,11
2624,5247,8
2625,5249,15
2626,5251,7
2627,5253,10
2628,5255,2
2629,5257,12
2630,5259,11
2631,5261,2
2632,5263,14
2633,5265,1
2634,5267,12
2635,5269,2
2636,5271,1
2637,5273,16
2638,5275,6
2639,5277,1
2640,5279,3
2641,5281,5
2642,5283,7
2643,5285,1
2644,5287,19
2645,5289,5
2646,5291,2
2647,5293,2
2648,5295,11
2649,5297,11
2650,5299,14
2651,5301,16
2652,5303,8
2653,5305,12
2654,5307,10
2655,5309,20
2656,5311,7
2657,5313,14
2658,5315,9
2659,5317,8
2660,5319,19
2661,5321,4
2662,5323,3
2663,5325,2
2664,5327,19
2665,5329,17
2666,5331,10
2667,5333,8
2668,5335,1
2669,5337,4
2670,5339,6
2671,5341,2
2672,5343,2
2673,5345,6
2674,5347,3
2675,5349,17
2676,5351,14
2677,5353,5
2678,5355,14
2679,5357,15
2680,5359,20
2681,5361,17
2682,5363,8
2683,5365,14
2684,5367,7
2685,5369,15
2686,5371,19
2687,5373,6
2688,5375,3
2689,5377,14
2690,5379,14
2691,5381,14
2692,5383,2
2693,5385,2
2694,5387,16
2695,5389,6
2696,5391,10
2697,5393,18
2698,5395,5
2699,5397,6
2700,5399,5
2701,5401,11
2702,5403,1
2703,5405,14
2704,5407,12
2705,5409,18
2706,5411,14
2707,5413,18
2708,5415,7
2709,5417,13
2710,5419,12
2711,5421,11
2712,5423,1
2713,5425,14
2714,5427,18
2715,5429,20
2716,5431,10
2717,5433,18
2718,5435,6
2719,5437,8
2720,5439,11
2721,5441,12
2722,5443,20
2723,5445,10
2724,5447,18
2725,5449,19
2726,5451,9
2727,5453,1
2728,5455,16
2729,5457,15
2730,5459,15
2731,5461,6
2732,5463,16
2733,5465,5
2734,5467,12
2735,5469,5
2736,5471,12
2737,5473,17
2738,5475,5
2739,5477,17
2740,5479,11
2741,5481,2
2742,5483,2
2743,5485,10
2744,5487,20
2745,5489,9
2746,5491,1
2747,5493,7
2748,5495,18
2749,5497,4
2750,5499,15
2751,5501,10
2752,5503,4
2753,5505,2
2754,5507,2
2755,5509,17
2756,5511,17
2757,5513,4
2758,5515,1
2759,5517,12
2760,5519,13
2761,5521,7
2762,5523,18
2763,5525,9
2764,5527,16
2765,5529,15
2766,5531,3
2767,5533,13
2768,5535,11
2769,5537,1
2770,5539,8
2771,5541,3
2772,5543,10
2773,5545,6
2774,5547,13
2775,5549,4
2776,5551,17
2777,5553,12
2778,5555,5
2779,5557,20
2780,5559,13
2781,5561,18
2782,5563,15
2783,5565,20
2784,5567,6
2785,5569,5
2786,5571,10
2787,5573,15
2788,5575,4
2789,5577,9
2790,5579,16
2791,5581,20
2792,5583,11
2793,5585,19
2794,5587,13
2795,5589,15
2796,5591,4
2797,5593,4
2798,5595,5
2799,5597,12
2800,5599,12
2801,5601,10
2802,5603,14
2803,5605,11
2804,5607,11
2805,5609,10
2806,5611,5
2807,5613,19
2808,5615,12
2809,5617,16
2810,5619,17
2811,5621,4
2812,5623,3
2813,5625,3
2814,5627,4
2815,5629,2
2816,5631,13
2817,5633,12
2818,5635,1
2819,5637,1
2820,5639,10
2821,5641,15
2822,5643,9
2823,5645,14
2824,5647,13
2825,5649,20
2826,5651,7
2827,5653,3
2828,5655,2
2829,5657,7
2830,5659,1
2831,5661,8
2832,5663,2
2833,5665,7
2834,5667,15
2835,5669,7
2836,5671,10
2837,5673,2
2838,5675,6
2839,5677,8
2840,5679,2
2841,5681,16
2842,5683,17
2843,5685,5
2844,5687,20
2845,5689,18
2846,5691,19
2847,5693,9
2848,5695,18
2849,5697,17
2850,5699,5
2851,5701,12
2852,5703,9
2853,5705,9
2854,5707,6
2855,5709,13
2856,5711,5
2857,5713,12
2858,5715,19
2859,5717,7
2860,5719,2
2861,5721,4
2862,5723,20
2863,5725,5
2864,5727,14
2865,5729,19
2866,5731,4
2867,5733,17
2868,5735,12
2869,5737,10
2870,5739,11
2871,5741,13
2872,5743,1
2873,5745,20
2874,5747,10
2875,5749,7
2876,5751,8
2877,5753,6
2878,5755,6
2879,5757,14
2880,5759,2
2881,5761,9
2882,5763,5
2883,5765,7
2884,5767,12
2885,5769,4
2886,5771,11
2887,5773,20
2888,5775,5
2889,5777,1
2890,5779,1
2891,5781,9
2892,5783,16
2893,5785,5
2894,5787,5
2895,5789,1
2896,5791,13
2897,5793,9
2898,5795,3
2899,5797,16
2900,5799,10
2901,5801,3
2902,5803,12
2903,5805,5
2904,5807,5
2905,5809,19
2906,5811,19
2907,5813,4
2908,5815,17
2909,5817,16
2910,5819,7
2911,5821,17
2912,5823,4
2913,5825,20
2914,5827,9
2915,5829,9
2916,5831,19
2917,5833,6
2918,5835,4
2919,5837,17
2920,5839,6
2921,5841,9
2922,5843,18
2923,5845,10
2924,5847,13
2925,5849,5
2926,5851,9
2927,5853,2
2928,5855,19
2929,5857,7
2930,5859,18
2931,5861,3
2932,5863,11
2933,5865,5
2934,5867,16
2935,5869,8
2936,5871,17
2937,5873,15
2938,5875,11
2939,5877,17
2940,5879,18
2941,5881,17
2942,5883,2
2943,5885,20
2944,5887,14
2945,5889,17
2946,5891,5
2947,5893,10
2948,5895,5
2949,5897,15
2950,5899,1
2951,5901,7
2952,5903,16
2953,5905,3
2954,5907,1
2955,5909,11
2956,5911,2
2957,5913,8
2958,5915,6
2959,5917,16
2960,5919,12
2961,5921,19
2962,5923,4
2963,5925,20
2964,5927,17
2965,5929,4
2966,5931,9
2967,5933,13
2968,5935,15
2969,5937,1
2970,5939,17
2971,5941,17
2972,5943,6
2973,5945,12
2974,5947,18
2975,5949,6
2976,5951,20
2977,5953,15
2978,5955,10
2979,5957,11
2980,5959,18
2981,5961,19
2982,5963,9
2983,5965,18
2984,5967,10
2985,5969,4
2986,5971,13
2987,5973,14
2988,5975,11
2989,5977,11
2990,5979,19
2991,5981,11
2992,5983,12
2993,5985,10
2994,5987,8
2995,5989,10
2996,5991,10
2997,5993,11
2998,5995,17
2999,5997,4
3000,5999,16
3001,6001,7
3002,6003,4
3003,6005,17
3004,6007,15
3005,6009,11
3006,6011,2
3007,6013,1
3008,6015,17
3009,6017,8
3010,6019,6
3011,6021,18
3012,6023,11
3013,6025,13
3014,6027,9
3015,6029,5
3016,6031,7
3017,6033,9
3018,6035,8
3019,6037,15
3020,6039,5
3021,6041,17
3022,6043,5
3023,6045,9
3024,6047,7
3025,6049,2
3026,6051,9
3027,6053,3
3028,6055,6
3029,6057,11
3030,6059,9
3031,6061,13
3032,6063,5
3033,6065,8
3034,6067,17
3035,6069,1
3036,6071,19
3037,6073,15
3038,6075,15
3039,6077,17
3040,6079,7
3041,6081,12
3042,6083,15
3043,6085,9
3044,6087,17
3045,6089,19
3046,6091,8
3047,6093,5
3048,6095,6
3049,6097,3
3050,6099,15
3051,6101,18
3052,6103,9
3053,6105,8
3054,6107,3
3055,6109,14
3056,6111,8
3057,6113,16
3058,6115,20
3059,6117,19
3060,6119,15
3061,6121,16
3062,6123,18
3063,6125,15
3064,6127,19
3065,6129,14
3066,6131,13
3067,6133,7
3068,6135,1
3069,6137,19
3070,6139,1
3071,6141,16
3072,6143,14
3073,6145,4
3074,6147,10
3075,6149,11
3076,6151,1
3077,6153,18
3078,6155,7
3079,6157,12
3080,6159,19
3081,6161,11
3082,6163,2
3083,6165,20
3084,6167,4
3085,6169,18
3086,6171,10
3087,6173,11
3088,6175,17
3089,6177,15
3090,6179,2
3091,6181,16
3092,6183,7
3093,6185,15
3094,6187,8
3095,6189,1
3096,6191,15
3097,6193,13
3098,6195,8
3099,6197,11
3100,6199,16
3101,6201,17
3102,6203,9
3103,6205,7
3104,6207,19
3105,6209,18
3106,6211,4
3107,6213,7
3108,6215,18
3109,6217,11
3110,6219,11
3111,6221,11
3112,6223,8
3113,6225,17
3114,6227,8
3115,6229,18
3116,6231,15
3117,6233,16
3118,6235,14
3119,6237,12
3120,6239,14
3121,6241,14
3122,6243,10
3123,6245,12
3124,6247,9
3125,6249,16
3126,6251,1
3127,6253,4
3128,6255,8
3129,6257,20
3130,6259,9
3131,6261,4
3132,6263,11
3133,6265,9
3134,6267,9
3135,6269,8
3136,6271,14
3137,6273,9
3138,6275,13
3139,6277,19
3140,6279,5
3141,6281,18
3142,6283,19
3143,6285,20
3144,6287,3
3145,6289,15
3146,6291,5
3147,6293,18
3148,6295,10
3149,6297,6
3150,6299,2
3151,6301,14
3152,6303,16
3153,6305,17
3154,6307,7
3155,6309,18
3156,6311,17
3157,6313,4
3158,6315,11
3159,6317,7
3160,6319,10
3161,6321,12
3162,6323,8
3163,6325,3
3164,6327,20
3165,6329,6
3166,6331,12
3167,6333,5
3168,6335,10
3169,6337,1
3170,6339,17
3171,6341,1
3172,6343,2
3173,6345,17
3174,6347,19
3175,6349,13
3176,6351,16
3177,6353,11
3178,6355,19
3179,6357,13
3180,6359,4
3181,6361,5
3182,6363,17
3183,6365,20
3184,6367,20
3185,6369,9
3186,6371,8
3187,6373,8
3188,6375,19
3189,6377,2
3190,6379,12
3191,6381,17
3192,6383,13
3193,6385,15
3194,6387,5
3195,6389,2
3196,6391,18
3197,6393,7
3198,6395,2
3199,6397,19
3200,6399,2
3201,6401,14
3202,6403,8
3203,6405,12
3204,6407,1
3205,6409,10
3206,6411,12
3207,6413,19
3208,6415,7
3209,6417,5
3210,6419,3
3211,6421,16
3212,6423,15
3213,6425,17
3214,6427,14
3215,6429,17
3216,6431,4
3217,6433,15
3218,6435,2
3219,6437,18
3220,6439,11
3221,6441,10
3222,6443,17
3223,6445,4
3224,6447,18
3225,6449,8
3226,6451,8
3227,6453,12
3228,6455,20
3229,6457,4
3230,6459,8
3231,6461,20
3232,6463,5
3233,6465,13
3234,6467,5
3235,6469,14
3236,6471,3
3237,6473,4
3238,6475,17
3239,6477,12
3240,6479,13
3241,6481,4
3242,6483,3
3243,6485,9
3244,6487,2
3245,6489,18
3246,6491,9
3247,6493,15
3248,6495,8
3249,6497,11
3250,6499,6
3251,6501,10
3252,6503,18
3253,6505,5
3254,6507,2
3255,6509,19
3256,6511,13
3257,6513,3
3258,6515,13
3259,6517,12
3260,6519,1
3261,6521,13
3262,6523,8
3263,6525,16
3264,6527,5
3265,6529,17
3266,6531,16
3267,6533,9
3268,6535,7
3269,6537,8
3270,6539,8
3271,6541,16
3272,6543,8
3273,6545,3
3274,6547,3
3275,6549,13
3276,6551,4
3277,6553,4
3278,6555,7
3279,6557,14
3280,6559,12
3281,6561,11
3282,6563,13
3283,6565,1
3284,6567,14
3285,6569,19
3286,6571,6
3287,6573,11
3288,6575,7
3289,6577,14
3290,6579,10
3291,6581,20
3292,6583,18
3293,6585,5
3294,6587,4
3295,6589,3
3296,6591,14
3297,6593,8
3298,6595,14
3299,6597,19
3300,6599,7
3301,6601,16
3302,6603,1
3303,6605,17
3304,6607,6
3305,6609,19
3306,6611,17
3307,6613,2
3308,6615,16
3309,6617,19
3310,6619,4
3311,6621,7
3312,6623,12
3313,6625,18
3314,6627,12
3315,6629,7
3316,6631,4
3317,6633,10
3318,6635,3
3319,6637,13
3320,6639,15
3321,6641,20
3322,6643,17
3323,6645,18
3324,6647,10
3325,6649,18
3326,6651,14
3327,6653,5
3328,6655,7
3329,6657,4
3330,6659,12
3331,6661,14
3332,6663,12
3333,6665,1
3334,6667,18
3335,6669,5
3336,6671,18
3337,6673,6
3338,6675,11
3339,6677,7
3340,6679,10
3341,6681,12
3342,6683,17
3343,6685,16
3344,6687,6
3345,6689,14
3346,6691,18
3347,6693,18
3348,6695,2
3349,6697,13
3350,6699,4
3351,6701,4
3352,6703,18
3353,6705,15
3354,6707,4
3355,6709,19
3356,6711,4
3357,6713,11
3358,6715,9
3359,6717,12
3360,6719,4
3361,6721,19
3362,6723,15
3363,6725,18
3364,6727,8
3365,6729,2
3366,6731,12
3367,6733,11
3368,6735,6
3369,6737,4
3370,6739,20
3371,6741,7
3372,6743,10
3373,6745,8
3374,6747,20
3375,6749,14
3376,6751,4
3377,6753,19
3378,6755,2
3379,6757,11
3380,6759,9
3381,6761,18
3382,6763,1
3383,6765,12
3384,6767,18
3385,6769,10
3386,6771,19
3387,6773,11
3388,6775,3
3389,6777,11
3390,6779,1
3391,6781,8
3392,6783,11
3393,6785,9
3394,6787,11
3395,6789,14
3396,6791,14
3397,6793,13
3398,6795,17
3399,6797,20
3400,6799,18
3401,6801,13
3402,6803,20
3403,6805,5
3404,6807,17
3405,6809,9
3406,6811,14
3407,6813,19
3408,6815,2
3409,6817,12
3410,6819,13
3411,6821,14
3412,6823,18
3413,6825,9
3414,6827,14
3415,6829,4
3416,6831,8
3417,6833,5
3418,6835,9
3419,6837,10
3420,6839,7
3421,6841,2
3422,6843,13
3423,6845,8
3424,6847,12
3425,6849,19
3426,6851,2
3427,6853,8
3428,6855,9
3429,6857,18
3430,6859,13
3431,6861,15
3432,6863,19
3433,6865,15
3434,6867,1
3435,6869,1
3436,6871,1
3437,6873,6
3438,6875,9
3439,6877,3
3440,6879,3
3441,6881,5
3442,6883,16
3443,6885,16
3444,6887,10
3445,6889,7
3446,6891,8
3447,6893,16
3448,6895,13
3449,6897,4
3450,6899,8
3451,6901,8
3452,6903,8
3453,6905,4
3454,6907,1
3455,6909,20
3456,6911,11
3457,6913,10
3458,6915,1
3459,6917,11
3460,6919,1
3461,6921,4
3462,6923,2
3463,6925,17
3464,6927,11
3465,6929,3
3466,6931,2
3467,6933,2
3468,6935,17
3469,6937,1
3470,6939,16
3471,6941,15
3472,6943,15
3473,6945,4
3474,6947,20
3475,6949,6
3476,6951,13
3477,6953,1
3478,6955,10
3479,6957,17
3480,6959,20
3481,6961,5
3482,6963,17
3483,6965,1
3484,6967,8
3485,6969,1
3486,6971,5
3487,6973,10
3488,6975,20
3489,6977,16
3490,6979,13
3491,6981,15
3492,6983,7
3493,6985,16
3494,6987,11
3495,6989,14
3496,6991,18
3497,6993,11
3498,6995,10
3499,6997,5
3500,6999,3
3501,7001,13
3502,7003,3
3503,7005,12
3504,7007,13
3505,7009,3
3506,7011,13
3507,7013,4
3508,7015,13
3509,7017,13
3510,7019,19
3511,7021,6
3512,7023,8
3513,7025,18
3514,7027,16
3515,7029,13
3516,7031,18
3517,7033,8
3518,7035,14
3519,7037,11
3520,7039,6
3521,7041,7
3522,7043,17
3523,7045,1
3524,7047,1
3525,7049,19
3526,7051,17
3527,7053,5
3528,7055,16
3529,7057,1
3530,7059,13
3531,7061,6
3532,7063,15
3533,7065,19
3534,7067,1
3535,7069,5
3536,7071,6
3537,7073,9
3538,7075,18
3539,7077,17
3540,7079,14
3541,7081,10
3542,7083,15
3543,7085,6
3544,7087,11
3545,7089,7
3546,7091,15
3547,7093,10
3548,7095,18
3549,7097,2
3550,7099,12
3551,7101,18
3552,7103,19
3553,7105,15
3554,7107,8
3555,7109,1
3556,7111,20
3557,7113,1
3558,7115,7
3559,7117,11
3560,7119,5
3561,7121,2
3562,7123,8
3563,7125,12
3564,7127,9
3565,7129,12
3566,7131,4
3567,7133,12
3568,7135,11
3569,7137,6
3570,7139,2
3571,7141,1
3572,7143,3
3573,7145,1
3574,7147,17
3575,7149,8
3576,7151,18
3577,7153,19
3578,7155,3
3579,7157,14
3580,7159,14
3581,7161,10
3582,7163,14
3583,7165,20
3584,7167,5
3585,7169,7
3586,7171,17
3587,7173,10
3588,7175,13
3589,7177,10
3590,7179,16
3591,7181,5
3592,7183,16
3593,7185,4
3594,7187,13
3595,7189,9
3596,7191,18
3597,7193,4
3598,7195,11
3599,7197,11
3600,7199,3
3601,7201,17
3602,7203,19
3603,7205,19
3604,7207,16
3605,7209,3
3606,7211,11
3607,7213,20
3608,7215,9
3609,7217,4
3610,7219,3
3611,7221,14
3612,7223,19
3613,7225,13
3614,7227,18
3615,7229,18
3616,7231,5
3617,7233,17
3618,7235,5
3619,7237,8
3620,7239,1
3621,7241,5
3622,7243,15
3623,7245,19
3624,7247,11
3625,7249,13
3626,7251,16
3627,7253,13
3628,7255,20
3629,7257,1
3630,7259,9
3631,7261,12
3632,7263,7
3633,7265,14
3634,7267,10
3635,7269,19
3636,7271,6
3637,7273,10
3638,7275,8
3639,7277,17
3640,7279,7
3641,7281,1
3642,7283,20
3643,7285,14
3644,7287,11
3645,7289,7
3646,7291,15
3647,7293,14
3648,7295,17
3649,7297,19
3650,7299,16
3651,7301,9
3652,7303,11
3653,7305,10
3654,7307,2
3655,7309,17
3656,7311,3
3657,7313,9
3658,7315,17
3659,7317,17
3660,7319,11
3661,7321,9
3662,7323,16
3663,7325,13
3664,7327,7
3665,7329,4
3666,7331,3
3667,7333,17
3668,7335,1
3669,7337,1
3670,7339,17
3671,7341,15
3672,7343,9
3673,7345,5
3674,7347,11
3675,7349,17
3676,7351,8
3677,7353,17
3678,7355,8
3679,7357,15
3680,7359,9
3681,7361,1
3682,7363,7
3683,7365,20
3684,7367,9
3685,7369,5
3686,7371,19
3687,7373,7
3688,7375,8
3689,7377,11
3690,7379,10
3691,7381,10
3692,7383,19
3693,7385,6
3694,7387,14
3695,7389,3
3696,7391,16
3697,7393,14
3698,7395,9
3699,7397,14
3700,7399,19
3701,7401,7
3702,7403,5
3703,7405,5
3704,7407,9
3705,7409,9
3706,7411,11
3707,7413,7
3708,7415,1
3709,7417,20
3710,7419,6
3711,7421,7
3712,7423,3
3713,7425,8
3714,7427,18
3715,7429,14
3716,7431,3
3717,7433,15
3718,7435,5
3719,7437,11
3720,7439,14
3721,7441,1
3722,7443,15
3723,7445,14
3724,7447,5
3725,7449,4
3726,7451,20
3727,7453,10
3728,7455,8
3729,7457,19
3730,7459,10
3731,7461,14
3732,7463,10
3733,7465,16
3734,7467,15
3735,7469,13
3736,7471,6
3737,7473,14
3738,7475,11
3739,7477,4
3740,7479,18
3741,7481,4
3742,7483,20
3743,7485,12
3744,7487,16
3745,7489,14
3746,7491,18
3747,7493,19
3748,7495,8
3749,7497,16
3750,7499,9
3751,7501,17
3752,7503,13
3753,7505,1
3754,7507,9
3755,7509,1
3756,7511,19
3757,7513,8
3758,7515,10
3759,7517,14
3760,7519,1
3761,7521,15
3762,7523,17
3763,7525,10
3764,7527,7
3765,7529,20
3766,7531,17
3767,7533,12
3768,7535,12
3769,7537,4
3770,7539,7
3771,7541,14
3772,7543,5
3773,7545,4
3774,7547,16
3775,7549,13
3776,7551,16
3777,7553,18
3778,7555,16
3779,7557,11
3780,7559,1
3781,7561,2
3782,7563,20
3783,7565,1
3784,7567,1
3785,7569,15
3786,7571,1
3787,7573,4
3788,7575,6
3789,7577,13
3790,7579,11
3791,7581,11
3792,7583,19
3793,7585,12
3794,7587,19
3795,7589,19
3796,7591,3
3797,7593,18
3798,7595,7
3799,7597,20
3800,7599,9
3801,7601,2
3802,7603,19
3803,7605,20
3804,7607,6
3805,7609,1
3806,7611,5
3807,7613,16
3808,7615,13
3809,7617,12
3810,7619,9
3811,7621,14
3812,7623,5
3813,7625,10
3814,7627,5
3815,7629,14
3816,7631,5
3817,7633,5
3818,7635,14
3819,7637,3
3820,7639,5
3821,7641,1
3822,7643,11
3823,7645,6
3824,7647,11
3825,7649,20
3826,7651,6
3827,7653,13
3828,7655,6
3829,7657,8
3830,7659,20
3831,7661,5
3832,7663,13
3833,7665,9
3834,7667,2
3835,7669,7
3836,7671,16
3837,7673,6
3838,7675,4
3839,7677,2
3840,7679,14
3841,7681,1
3842,7683,5
3843,7685,5
3844,7687,11
3845,7689,19
3846,7691,2
3847,7693,12
3848,7695,15
3849,7697,6
3850,7699,6
3851,7701,14
3852,7703,19
3853,7705,7
3854,7707,2
3855,7709,2
3856,7711,1
3857,7713,12
3858,7715,15
3859,7717,9
3860,7719,16
3861,7721,17
3862,7723,17
3863,7725,16
3864,7727,20
3865,7729,19
3866,7731,14
3867,7733,11
3868,7735,17
3869,7737,15
3870,7739,7
3871,7741,6
3872,7743,6
3873,7745,3
3874,7747,8
3875,7749,10
3876,7751,20
3877,7753,18
3878,7755,5
3879,7757,10
3880,7759,4
3881,7761,7
3882,7763,9
3883,7765,5
3884,7767,15
3885,7769,8
3886,7771,3
3887,7773,2
3888,7775,3
3889,7777,16
3890,7779,19
3891,7781,6
3892,7783,4
3893,7785,15
3894,7787,5
3895,7789,8
3896,7791,16
3897,7793,8
3898,7795,10
3899,7797,13
3900,7799,3
3901,7801,2
3902,7803,18
3903,7805,7
3904,7807,17
3905,7809,8
3906,7811,6
3907,7813,17
3908,7815,11
3909,7817,15
3910,7819,5
3911,7821,7
3912,7823,4
3913,7825,18
3914,7827,11
3915,7829,11
3916,7831,11
3917,7833,1
3918,7835,12
3919,7837,14
3920,7839,3
3921,7841,19
3922,7843,18
3923,7845,16
3924,7847,4
3925,7849,3
3926,7851,11
3927,7853,3
3928,7855,14
3929,7857,16
3930,7859,13
3931,7861,12
3932,7863,18
3933,7865,9
3934,7867,4
3935,7869,13
3936,7871,7
3937,7873,1
3938,7875,18
3939,7877,1
3940,7879,10
3941,7881,16
3942,7883,13
3943,7885,6
3944,7887,13
3945,7889,9
3946,7891,13
3947,7893,6
3948,7895,1
3949,7897,18
3950,7899,9
3951,7901,11
3952,7903,10
3953,7905,13
3954,7907,4
3955,7909,2
3956,7911,3
3957,7913,6
3958,7915,5
3959,7917,4
3960,7919,16
3961,7921,6
3962,7923,13
3963,7925,1
3964,7927,18
3965,7929,5
3966,7931,7
3967,7933,6
3968,7935,9
3969,7937,8
3970,7939,18
3971,7941,10
3972,7943,6
3973,7945,1
3974,7947,19
3975,7949,17
3976,7951,19
3977,7953,2
3978,7955,19
3979,7957,7
3980,7959,7
3981,7961,13
3982,7963,11
3983,7965,6
3984,7967,4
3985,7969,2
3986,7971,19
3987,7973,5
3988,7975,6
3989,7977,13
3990,7979,19
3991,7981,6
3992,7983,13
3993,7985,15
3994,7987,3
3995,7989,8
3996,7991,11
3997,7993,11
3998,7995,18
3999,7997,17
4000,7999,5
4001,8001,18
4002,8003,11
4003,8005,20
4004,8007,17
4005,8009,14
4006,8011,18
4007,8013,12
4008,8015,7
4009,8017,19
4010,8019,5
4011,8021,6
4012,8023,15
4013,8025,6
4014,8027,3
4015,8029,12
4016,8031,19
4017,8033,9
4018,8035,18
4019,8037,19
4020,8039,15
4021,8041,6
4022,8043,13
4023,8045,6
4024,8047,13
4025,8049,6
4026,8051,3
4027,8053,17
4028,8055,13
4029,8057,3
4030,8059,19
4031,8061,19
4032,8063,7
4033,8065,16
4034,8067,17
4035,8069,18
4036,8071,16
4037,8073,17
4038,8075,8
4039,8077,13
4040,8079,11
4041,8081,20
4042,8083,12
4043,8085,18
4044,8087,14
4045,8089,3
4046,8091,2
4047,8093,13
4048,8095,12
4049,8097,19
4050,8099,20
4051,8101,3
4052,8103,12
4053,8105,17
4054,8107,12
4055,8109,6
4056,8111,19
4057,8113,14
4058,8115,4
4059,8117,3
4060,8119,19
4061,8121,3
4062,8123,19
4063,8125,19
4064,8127,8
4065,8129,3
4066,8131,8
4067,8133,16
4068,8135,15
4069,8137,16
4070,8139,16
4071,8141,17
4072,8143,15
4073,8145,2
4074,8147,1
4075,8149,5
4076,8151,4
4077,8153,16
4078,8155,14
4079,8157,2
4080,8159,14
4081,8161,14
4082,8163,7
4083,8165,17
4084,8167,1
4085,8169,9
4086,8171,2
4087,8173,12
4088,8175,16
4089,8177,17
4090,8179,8
4091,8181,20
4092,8183,2
4093,8185,4
4094,8187,5
4095,8189,8
4096,8191,4
4097,8193,5
4098,8195,5
4099,8197,15
4100,8199,17
4101,8201,10
4102,8203,19
4103,8205,18
4104,8207,20
4105,8209,12
4106,8211,3
4107,8213,19
4108,8215,17
4109,8217,2
4110,8219,7
4111,8221,14
4112,8223,1
4113,8225,12
4114,8227,19
4115,8229,7
4116,8231,12
4117,8233,8
4118,8235,2
4119,8237,15
4120,8239,16
4121,8241,17
4122,8243,20
4123,8245,16
4124,8247,16
4125,8249,14
4126,8251,11
4127,8253,8
4128,8255,16
4129,8257,4
4130,8259,14
4131,8261,15
4132,8263,9
4133,8265,12
4134,8267,11
4135,8269,7
4136,8271,9
4137,8273,4
4138,8275,4
4139,8277,1
4140,8279,11
4141,8281,14
4142,8283,2
4143,8285,10
4144,8287,16
4145,8289,6
4146,8291,2
4147,8293,20
4148,8295,16
4149,8297,1
4150,8299,15
4151,8301,2
4152,8303,3
4153,8305,15
4154,8307,9
4155,8309,8
4156,8311,8
4157,8313,12
4158,8315,14
4159,8317,16
4160,8319,5
4161,8321,14
4162,8323,6
4163,8325,2
4164,8327,9
4165,8329,13
4166,8331,8
4167,8333,6
4168,8335,3
4169,8337,11
4170,8339,12
4171,8341,11
4172,8343,10
4173,8345,13
4174,8347,7
4175,8349,3
4176,8351,3
4177,8353,17
4178,8355,3
4179,8357,11
4180,8359,15
4181,8361,18
4182,8363,18
4183,8365,12
4184,8367,15
4185,8369,9
4186,8371,5
4187,8373,14
4188,8375,11
4189,8377,8
4190,8379,7
4191,8381,15
4192,8383,20
4193,8385,17
4194,8387,18
4195,8389,10
4196,8391,7
4197,8393,13
4198,8395,16
4199,8397,19
4200,8399,13
4201,8401,1
4202,8403,14
4203,8405,8
4204,8407,4
4205,8409,19
4206,8411,1
4207,8413,8
4208,8415,12
4209,8417,9
4210,8419,19
4211,8421,1
4212,8423,7
4213,8425,19
4214,8427,13
4215,8429,11
4216,8431,4
4217,8433,15
4218,8435,3
4219,8437,4
4220,8439,4
4221,8441,3
4222,8443,1
4223,8445,5
4224,8447,18
4225,8449,16
4226,8451,3
4227,8453,9
4228,8455,1
4229,8457,19
4230,8459,20
4231,8461,17
4232,8463,7
4233,8465,2
4234,8467,14
4235,8469,12
4236,8471,5
4237,8473,3
4238,8475,20
4239,8477,16
4240,8479,1
4241,8481,15
4242,8483,9
4243,8485,7
4244,8487,5
4245,8489,10
4246,8491,11
4247,8493,16
4248,8495,19
4249,8497,7
4250,8499,3
4251,8501,20
4252,8503,2
4253,8505,9
4254,8507,5
4255,8509,6
4256,8511,15
4257,8513,20
4258,8515,17
4259,8517,18
4260,8519,6
4261,8521,15
4262,8523,20
4263,8525,18
4264,8527,6
4265,8529,3
4266,8531,19
4267,8533,6
4268,8535,2
4269,8537,15
4270,8539,15
4271,8541,20
4272,8543,5
4273,8545,2
4274,8547,8
4275,8549,5
4276,8551,3
4277,8553,9
4278,8555,6
4279,8557,1
4280,8559,15
4281,8561,5
4282,8563,15
4283,8565,6
4284,8567,19
4285,8569,19
4286,8571,20
4287,8573,12
4288,8575,18
4289,8577,1
4290,8579,19
4291,8581,1
4292,8583,5
4293,8585,20
4294,8587,4
4295,8589,16
4296,8591,7
4297,8593,1
4298,8595,10
4299,8597,13
4300,8599,20
4301,8601,13
4302,8603,5
4303,8605,3
4304,8607,6
4305,8609,11
4306,8611,6
4307,8613,7
4308,8615,8
4309,8617,14
4310,8619,10
4311,8621,4
4312,8623,3
4313,8625,10
4314,8627,18
4315,8629,17
4316,8631,7
4317,8633,14
4318,8635,8
4319,8637,12
4320,8639,9
4321,8641,17
4322,8643,11
4323,8645,7
4324,8647,20
4325,8649,16
4326,8651,3
4327,8653,8
4328,8655,8
4329,8657,15
4330,8659,19
4331,8661,18
4332,8663,9
4333,8665,10
4334,8667,7
4335,8669,10
4336,8671,10
4337,8673,10
4338,8675,12
4339,8677,13
4340,8679,12
4341,8681,20
4342,8683,3
4343,8685,16
4344,8687,4
4345,8689,4
4346,8691,3
4347,8693,20
4348,8695,4
4349,8697,10
4350,8699,5
4351,8701,11
4352,8703,18
4353,8705,20
4354,8707,17
4355,8709,16
4356,8711,19
4357,8713,13
4358,8715,6
4359,8717,15
4360,8719,2
4361,8721,17
4362,8723,11
4363,8725,15
4364,8727,2
4365,8729,5
4366,8731,14
4367,8733,3
4368,8735,10
4369,8737,6
4370,8739,1
4371,8741,8
4372,8743,6
4373,8745,20
4374,8747,9
4375,8749,16
4376,8751,9
4377,8753,11
4378,8755,1
4379,8757,17
4380,8759,2
4381,8761,20
4382,8763,3
4383,8765,7
4384,8767,5
4385,8769,8
4386,8771,1
4387,8773,15
4388,8775,11
4389,8777,13
4390,8779,11
4391,8781,3
4392,8783,19
4393,8785,12
4394,8787,3
4395,8789,14
4396,8791,2
4397,8793,19
4398,8795,18
4399,8797,6
4400,8799,16
4401,8801,4
4402,8803,9
4403,8805,17
4404,8807,9
4405,8809,6
4406,8811,7
4407,8813,13
4408,8815,8
4409,8817,17
4410,8819,13
4411,8821,15
4412,8823,10
4413,8825,12
4414,8827,20
4415,8829,17
4416,8831,5
4417,8833,3
4418,8835,13
4419,8837,12
4420,8839,3
4421,8841,8
4422,8843,14
4423,8845,13
4424,8847,19
4425,8849,18
4426,8851,2
4427,8853,10
4428,8855,2
4429,8857,15
4430,8859,4
4431,8861,5
4432,8863,9
4433,8865,11
4434,8867,16
4435,8869,19
4436,8871,10
4437,8873,1
4438,8875,14
4439,8877,10
4440,8879,19
4441,8881,3
4442,8883,6
4443,8885,20
4444,8887,1
4445,8889,11
4446,8891,5
4447,8893,8
4448,8895,5
4449,8897,18
4450,8899,20
4451,8901,15
4452,8903,18
4453,8905,15
4454,8907,7
4455,8909,16
4456,8911,8
4457,8913,10
4458,8915,1
4459,8917,2
4460,8919,9
4461,8921,15
4462,8923,10
4463,8925,20
4464,8927,3
4465,8929,2
4466,8931,16
4467,8933,15
4468,8935,9
4469,8937,16
4470,8939,16
4471,8941,9
4472,8943,15
4473,8945,18
4474,8947,20
4475,8949,2
4476,8951,10
4477,8953,1
4478,8955,11
4479,8957,5
4480,8959,13
4481,8961,3
4482,8963,6
4483,8965,3
4484,8967,11
4485,8969,5
4486,8971,6
4487,8973,15
4488,8975,16
4489,8977,17
4490,8979,15
4491,8981,1
4492,8983,14
4493,8985,10
4494,8987,6
4495,8989,20
4496,8991,13
4497,8993,14
4498,8995,1
4499,8997,16
4500,8999,6
4501,9001,4
4502,9003,14
4503,9005,20
4504,9007,20
4505,9009,2
4506,9011,20
4507,9013,9
4508,9015,18
4509,9017,1
4510,9019,19
4511,9021,3
4512,9023,3
4513,9025,19
4514,9027,9
4515,9029,14
4516,9031,19
4517,9033,19
4518,9035,2
4519,9037,17
4520,9039,7
4521,9041,13
4522,9043,12
4523,9045,19
4524,9047,14
4525,9049,17
4526,9051,6
4527,9053,17
4528,9055,7
4529,9057,9
4530,9059,5
4531,9061,12
4532,9063,5
4533,9065,6
4534,9067,12
4535,9069,5
4536,9071,18
4537,9073,10
4538,9075,8
4539,9077,6
4540,9079,11
4541,9081,13
4542,9083,20
4543,9085,12
4544,9087,5
4545,9089,14
4546,9091,5
4547,9093,18
4548,9095,3
4549,9097,3
4550,9099,12
4551,9101,20
4552,9103,4
4553,9105,10
4554,9107,2
4555,9109,15
4556,9111,7
4557,9113,3
4558,9115,14
4559,9117,18
4560,9119,1
4561,9121,4
4562,9123,11
4563,9125,2
4564,9127,9
4565,9129,15
4566,9131,7
4567,9133,15
4568,9135,6
4569,9137,12
4570,9139,15
4571,9141,4
4572,9143,10
4573,9145,14
4574,9147,14
4575,9149,20
4576,9151,4
4577,9153,5
4578,9155,1
4579,9157,9
4580,9159,7
4581,9161,9
4582,9163,13
4583,9165,4
4584,9167,20
4585,9169,13
4586,9171,2
4587,9173,15
4588,9175,15
4589,9177,7
4590,9179,3
4591,9181,10
4592,9183,4
4593,9185,12
4594,9187,9
4595,9189,16
4596,9191,19
4597,9193,10
4598,9195,12
4599,9197,17
4600,9199,2
4601,9201,19
4602,9203,20
4603,9205,4
4604,9207,13
4605,9209,3
4606,9211,17
4607,9213,12
4608,9215,20
4609,9217,14
4610,9219,15
4611,9221,13
4612,9223,1
4613,9225,5
4614,9227,3
4615,9229,19
4616,9231,19
4617,9233,15
4618,9235,11
4619,9237,13
4620,9239,12
4621,9241,20
4622,9243,17
4623,9245,14
4624,9247,14
4625,9249,12
4626,9251,13
4627,9253,4
4628,9255,2
4629,9257,17
4630,9259,7
4631,9261,11
4632,9263,16
4633,9265,19
4634,9267,12
4635,9269,3
4636,9271,4
4637,9273,13
4638,9275,9
4639,9277,1
4640,9279,6
4641,9281,9
4642,9283,10
4643,9285,8
4644,9287,20
4645,9289,3
4646,9291,6
4647,9293,5
4648,9295,5
4649,9297,18
4650,9299,6
4651,9301,12
4652,9303,12
4653,9305,6
4654,9307,3
4655,9309,2
4656,9311,7
4657,9313,16
4658,9315,10
4659,9317,1
4660,9319,12
4661,9321,15
4662,9323,8
4663,9325,6
4664,9327,1
4665,9329,18
4666,9331,20
4667,9333,12
4668,9335,4
4669,9337,11
4670,9339,14
4671,9341,14
4672,9343,11
4673,9345,2
4674,9347,11
4675,9349,10
4676,9351,15
4677,9353,15
4678,9355,9
4679,9357,12
4680,9359,20
4681,9361,2
4682,9363,20
4683,9365,10
4684,9367,7
4685,9369,13
4686,9371,8
4687,9373,5
4688,9375,7
4689,9377,11
4690,9379,19
4691,9381,17
4692,9383,5
4693,9385,7
4694,9387,20
4695,9389,10
4696,9391,20
4697,9393,12
4698,9395,8
4699,9397,1
4700,9399,7
4701,9401,5
4702,9403,13
4703,9405,15
4704,9407,17
4705,9409,9
4706,9411,13
4707,9413,19
4708,9415,11
4709,9417,11
4710,9419,3
4711,9421,8
4712,9423,16
4713,9425,12
4714,9427,19
4715,9429,16
4716,9431,14
4717,9433,11
4718,9435,2
4719,9437,11
4720,9439,18
4721,9441,12
4722,9443,10
4723,9445,12
4724,9447,5
4725,9449,9
4726,9451,4
4727,9453,16
4728,9455,7
4729,9457,13
4730,9459,18
4731,9461,3
4732,9463,2
4733,9465,1
4734,9467,11
4735,9469,17
4736,9471,15
4737,9473,4
4738,9475,4
4739,9477,19
4740,9479,9
4741,9481,8
4742,9483,12
4743,9485,15
4744,9487,14
4745,9489,8
4746,9491,5
4747,9493,18
4748,9495,17
4749,9497,19
4750,9499,10
4751,9501,4
4752,9503,20
4753,9505,14
4754,9507,5
4755,9509,4
4756,9511,6
4757,9513,15
4758,9515,19
4759,9517,4
4760,9519,15
4761,9521,18
4762,9523,2
4763,9525,1
4764,9527,12
4765,9529,14
4766,9531,5
4767,9533,7
4768,9535,15
4769,9537,6
4770,9539,17
4771,9541,18
4772,9543,14
4773,9545,9
4774,9547,16
4775,9549,18
4776,9551,3
4777,9553,1
4778,9555,18
4779,9557,4
4780,9559,2
4781,9561,2
4782,9563,16
4783,9565,11
4784,9567,1
4785,9569,9
4786,9571,4
4787,9573,11
4788,9575,18
4789,9577,2
4790,9579,20
4791,9581,7
4792,9583,12
4793,9585,17
4794,9587,14
4795,9589,19
4796,9591,8
4797,9593,20
4798,9595,11
4799,9597,4
4800,9599,12
4801,9601,9
4802,9603,3
4803,9605,20
4804,9607,16
4805,9609,20
4806,9611,6
4807,9613,9
4808,9615,7
4809,9617,4
4810,9619,1
4811,9621,15
4812,9623,7
4813,9625,13
4814,9627,5
4815,9629,20
4816,9631,2
4817,9633,8
4818,9635,14
4819,9637,15
4820,9639,17
4821,9641,13
4822,9643,9
4823,9645,14
4824,9647,9
4825,9649,3
4826,9651,12
4827,9653,1
4828,9655,2
4829,9657,3
4830,9659,18
4831,9661,2
4832,9663,10
4833,9665,4
4834,9667,12
4835,9669,1
4836,9671,6
4837,9673,1
4838,9675,8
4839,9677,9
4840,9679,8
4841,9681,10
4842,9683,14
4843,9685,2
4844,9687,13
4845,9689,9
4846,9691,11
4847,9693,15
4848,9695,19
4849,9697,5
4850,9699,2
4851,9701,1
4852,9703,12
4853,9705,12
4854,9707,14
4855,9709,2
4856,9711,16
4857,9713,9
4858,9715,5
4859,9717,11
4860,9719,6
4861,9721,18
4862,9723,12
4863,9725,18
4864,9727,19
4865,9729,4
4866,9731,19
4867,9733,9
4868,9735,12
4869,9737,7
4870,9739,16
4871,9741,19
4872,9743,14
4873,9745,15
4874,9747,5
4875,9749,14
4876,9751,5
4877,9753,4
4878,9755,9
4879,9757,4
4880,9759,1
4881,9761,8
4882,9763,11
4883,9765,15
4884,9767,14
4885,9769,18
4886,9771,12
4887,9773,14
4888,9775,20
4889,9777,6
4890,9779,5
4891,9781,7
4892,9783,8
4893,9785,9
4894,9787,9
4895,9789,8
4896,9791,3
4897,9793,14
4898,9795,20
4899,9797,7
4900,9799,14
4901,9801,5
4902,9803,7
4903,9805,18
4904,9807,8
4905,9809,13
4906,9811,18
4907,9813,9
4908,9815,6
4909,9817,16
4910,9819,14
4911,9821,19
4912,9823,14
4913,9825,6
4914,9827,6
4915,9829,5
4916,9831,2
4917,9833,4
4918,9835,19
4919,9837,18
4920,9839,6
4921,9841,7
4922,9843,3
4923,9845,12
4924,9847,19
4925,9849,20
4926,9851,6
4927,9853,17
4928,9855,9
4929,9857,13
4930,9859,1
4931,9861,7
4932,9863,14
4933,9865,11
4934,9867,11
4935,9869,18
4936,9871,17
4937,9873,17
4938,9875,5
4939,9877,19
4940,9879,16
4941,9881,10
4942,9883,11
4943,9885,4
4944,9887,8
4945,9889,3
4946,9891,4
4947,9893,16
4948,9895,14
4949,9897,1
4950,9899,1
4951,9901,5
4952,9903,10
4953,9905,20
4954,9907,18
4955,9909,4
4956,9911,15
4957,9913,12
4958,9915,6
4959,9917,11
4960,9919,7
4961,9921,4
4962,9923,13
4963,9925,10
4964,9927,1
4965,9929,5
4966,9931,18
4967,9933,18
4968,9935,14
4969,9937,17
4970,9939,12
4971,9941,2
4972,9943,13
4973,9945,9
4974,9947,7
4975,9949,3
4976,9951,4
4977,9953,20
4978,9955,3
4979,9957,5
4980,9959,2
4981,9961,10
4982,9963,18
4983,9965,4
4984,9967,19
4985,9969,13
4986,9971,14
4987,9973,17
4988,9975,19
4989,9977,1
4990,9979,18
4991,9981,12
4992,9983,20
4993,9985,19
4994,9987,16
4995,9989,2
4996,9991,2
4997,9993,18
4998,9995,19
4999,9997,18
5000,9999,9
